399
4.27349 -8.42392 -2.57057
3.66975 -8.52526 -2.27929
5.07589 -8.2197 -1.47013
4.60778 -8.22241 -2.68319
5.01514 -8.32376 -2.79882
3.26465 -8.25248 -1.47177
3.73367 -6.94814 -2.62317
3.67247 -7.76466 -1.1235
4.62238 -7.0152 -3.15037
4.6475 -6.29039 -1.60138
3.20527 -6.40407 -2.54316
3.64963 -8.57696 -2.59714
3.24317 -6.28618 -2.61413
3.12032 -8.03982 -1.95293
3.24408 -8.52342 -2.0439
3.79941 -7.13277 -2.60344
4.04647 -6.65458 -2.62042
4.6388 -7.60674 -2.19351
3.55416 -6.24075 -3.07364
3.32033 -6.58871 -2.85635
5.24436 -6.98599 -3.19393
3.07463 -6.07623 -1.62027
2.89012 -7.65725 -1.72357
3.27282 -7.73394 -1.12403
3.05133 -7.16943 -2.68234
3.24907 -6.41997 -3.15556
5.3334 -7.18717 -2.21076
4.21176 -6.62267 -2.86894
4.36019 -7.03228 -1.44325
4.24966 -6.50477 -1.1643
3.75689 -6.33484 -2.36503
3.23946 -6.94175 -1.83947
3.78246 -7.99255 -1.59752
3.46232 -8.21721 -2.93388
4.32592 -6.14837 -1.18759
4.47434 -7.5321 -1.24157
5.11598 -6.75798 -2.94785
3.9327 -7.61149 -2.70589
3.83451 -6.09753 -1.41584
4.72277 -7.35796 -2.76453
4.26699 -7.87855 -1.19087
3.50295 -8.22651 -2.071
3.33077 -7.36607 -2.23596
4.66293 -7.59072 -1.94468
3.31935 -6.54533 -2.49188
3.49243 -6.26443 -1.1525
5.26849 -6.71103 -2.29158
2.95079 -6.14653 -1.24813
2.97591 -6.00126 -1.12948
5.22053 -7.348 -2.3672
5.3073 -6.29028 -2.77877
3.65545 -5.82442 -1.25443
5.13558 -7.31912 -1.83863
3.9153 -7.17386 -3.16266
3.59516 -6.58469 -2.99469
4.13816 -7.83279 -2.27184
3.01653 -6.99701 -2.43679
3.06631 -6.54348 -1.72627
4.57109 -8.11217 -2.02687
5.31138 -7.49835 -0.835455
5.0159 -6.88452 -2.45542
3.29007 -7.38045 -0.955745
5.23876 -5.70619 -0.689129
3.75954 -6.5967 -1.96384
3.68601 -6.16783 -0.982047
4.56194 -6.94736 -0.851068
4.64871 -7.13503 -1.10234
5.0684 -5.5964 -1.08233
4.14406 -7.79395 -2.48035
4.48977 -7.71034 -2.23839
3.76272 -7.20749 -1.77449
3.35627 -8.01169 -2.83958
2.94981 -7.50884 -2.73326
4.52858 -7.88146 -1.7638
4.5537 -6.56479 -2.311
4.3322 -7.68958 -2.32799
4.04905 -6.06464 -2.49294
5.14693 -6.5729 -0.709664
3.24847 -6.21801 -0.664999
5.24648 -7.23183 -2.85217
4.12485 -6.86461 -2.65954
4.69251 -5.69591 -2.98479
4.08876 -7.16596 -0.658966
4.54545 -6.73709 -0.860913
3.52246 -7.70158 -1.22316
5.07657 -5.69439 -1.35112
4.37418 -5.78341 -1.52841
3.25255 -6.29167 -1.10149
3.09271 -5.66551 -1.69802
4.85644 -6.59301 -1.86297
3.03196 -6.90398 -2.80476
3.14339 -5.59964 -2.13123
3.46444 -7.74787 -0.495918
3.29227 -6.24624 -2.60911
4.69841 -6.07632 -2.18219
4.34128 -7.70666 -0.485228
3.31829 -6.59961 -0.576199
3.47904 -6.86126 -1.13573
5.35375 -5.32263 -1.7076
5.11992 -5.80623 -1.23136
3.04883 -6.16652 -1.71691
4.17137 -5.71299 -0.476179
4.78836 -6.52952 -2.00983
4.78881 -6.35959 -2.2611
3.58087 -7.31175 -1.94516
4.81438 -7.54874 -2.77597
3.03923 -6.49101 -0.746077
4.18643 -5.86485 -1.46591
3.84162 -7.07596 -2.74062
3.06525 -7.12798 -1.90679
4.64402 -5.35508 -1.80048
4.10193 -5.51808 -0.633726
3.55984 -7.08677 -1.55085
4.18915 -6.3743 -0.815669
5.36101 -5.4892 -0.314771
4.38735 -5.71386 -1.97173
3.52466 -6.78932 -1.91473
4.25262 -5.30002 -1.82075
5.0299 -5.70964 -2.2693
5.03035 -6.85909 -1.90404
4.15534 -5.55475 -2.34027
4.29143 -7.13577 -2.54222
2.98484 -6.83021 -1.992
3.04694 -6.06841 -1.935
3.30634 -5.36827 -0.595624
4.87278 -7.01095 -1.63605
3.40589 -6.0272 -1.52973
5.08331 -7.43559 -2.23724
4.97279 -6.11892 -0.490947
4.68964 -5.17217 -2.23422
3.4447 -6.37094 -2.4485
3.59312 -6.53394 -2.53947
3.51959 -7.16551 -1.73031
4.28454 -5.54057 -2.22819
4.4083 -5.33366 -2.50412
5.06228 -6.32281 -1.17707
3.48442 -6.31318 -1.21872
4.422 -5.04583 -2.18516
4.4841 -6.82414 -0.599172
4.99011 -7.2091 -1.17104
3.35059 -6.98985 -1.11404
5.18831 -4.958 -0.810433
4.94215 -4.93605 -0.790429
3.94383 -6.6527 -2.31175
4.68412 -5.75527 -0.503809
4.3763 -4.93183 -1.00169
3.99451 -5.71136 -1.62288
4.67315 -5.04821 -0.493119
3.08295 -5.7291 -0.423793
4.40278 -5.95375 -1.95744
4.18128 -5.007 -0.482429
3.39258 -5.05903 -2.386
4.82338 -5.16037 -0.750686
3.06056 -5.90291 -2.33366
3.98581 -6.25088 -1.90675
4.2822 -6.56184 -1.82509
5.14579 -6.42891 -1.68178
5.03527 -5.93839 -1.48915
3.9753 -6.15072 0.0351904
3.69215 -7.12754 0.0182027
3.18704 -4.92306 -0.183744
4.64251 -4.83945 -2.12431
4.35936 -6.35882 -1.19184
4.38447 -4.75855 -1.86235
3.63276 -5.88333 -1.2628
3.55923 -5.09688 -1.85933
4.11456 -6.65324 -0.48296
4.04103 -4.69538 -1.52339
3.25233 -6.53534 -0.0360424
3.3391 -6.99428 -1.31075
4.39998 -4.87612 -2.09224
5.04163 -5.74196 -1.98592
3.03219 -5.64602 -0.486242
4.49999 -4.74859 -1.2184
3.23039 -6.56389 -1.97523
3.94602 -5.91308 -1.43734
5.2042 -6.34735 -0.233598
4.29219 -6.42404 -1.55763
3.83641 -6.06915 -0.908764
5.19323 -4.72782 -0.222908
4.73745 -5.61833 -0.486508
4.1337 -6.60748 -0.515826
4.36844 -6.81981 -0.65612
4.78813 -4.54135 -0.364842
4.1474 -5.51817 0.185377
4.93701 -6.2977 -1.21264
5.09776 -6.4607 -0.674748
3.18697 -5.24268 -1.69051
3.50802 -6.52776 -1.16496
3.66877 -6.04957 -2.11907
3.92817 -5.27545 -1.96343
5.0877 -4.82192 -0.180149
4.53328 -6.83451 -0.0491695
3.60893 -6.23302 -0.0414961
4.0163 -5.10131 -1.16824
3.89345 -5.37528 -0.0878022
5.37357 -6.25346 -0.178774
4.36292 -4.83814 -0.602671
4.6593 -5.09979 -0.656651
4.83239 -5.84233 -1.15453
3.92083 -6.20533 -1.27482
4.72277 -6.33134 -1.41512
3.25589 -5.13797 0.183206
4.15647 -4.93105 -1.22714
3.46641 -5.84622 0.34652
3.94776 -5.29405 -0.903528
4.21949 -6.6038 -1.73434
4.01032 -4.88022 -1.66501
3.46823 -5.53644 0.327891
5.13331 -5.56381 -1.25508
3.23486 -5.55418 -0.186978
4.02447 -5.90214 -1.85627
4.60446 -6.00349 0.198287
5.04882 -5.8089 -1.01477
4.50672 -4.78817 -1.70994
4.76612 -6.0116 -1.1104
4.72958 -5.31146 -1.71925
5.39589 -5.62243 0.113348
3.2015 -5.20589 0.342972
5.12552 -4.17283 -0.968728
3.57232 -5.30995 0.148699
3.20286 -5.41129 0.365993
4.10345 -6.49909 -1.89516
4.23954 -5.10844 -1.60389
3.25354 -5.41941 -1.73185
3.19234 -4.32469 -0.232174
4.69713 -5.06723 0.453682
4.37699 -5.09459 -1.00599
3.18137 -5.44255 -0.33246
5.19172 -5.16165 -0.928986
4.95789 -5.55893 -0.489741
3.46634 -4.22993 0.0974702
3.86137 -6.24252 0.376417
3.5289 -5.07382 0.334768
3.3444 -4.43533 -0.00281548
3.93672 -6.22598 -1.19121
4.24544 -4.29277 -0.887602
4.56649 -4.57908 -1.16353
3.8641 -4.42149 -1.76006
5.31956 -6.31077 -1.49344
3.27314 -6.37513 -1.1775
4.37101 -6.09423 -0.516309
3.39735 -5.77634 0.502474
3.78005 -5.964 -0.488632
3.04067 -6.05302 0.665788
5.10033 -5.77212 -0.843203
3.06624 -4.82537 -1.68634
4.5587 -5.99948 0.195584
3.90563 -6.27346 -0.265305
3.88142 -6.07887 0.506865
3.79556 -4.30597 -0.878819
3.48775 -6.09661 -1.15475
3.46354 -5.80338 -1.33204
4.01887 -4.43738 0.179972
4.43857 -6.24036 0.594555
3.31694 -3.9619 -0.495195
3.42837 -6.11013 0.0426941
3.33017 -4.21392 -0.862097
5.10624 -4.62353 -0.151579
4.76143 -6.08125 -0.896072
3.57815 -4.53029 -0.518481
4.01017 -5.70441 -0.165551
4.07228 -4.94261 -0.441481
4.62761 -5.72214 -0.224187
3.5553 -4.97268 -0.0438855
3.71605 -3.82864 -0.81304
5.01122 -5.76725 -1.02732
3.48268 -4.26562 0.731301
4.05034 -5.20545 -0.148828
4.97559 -5.72604 -0.745354
5.198 -6.01234 -1.41586
4.11336 -4.00516 0.0344897
3.79322 -5.43821 -0.22911
4.06494 -4.01057 -1.49149
3.54751 -5.50527 -1.42216
3.53564 -5.5573 -0.674653
4.39923 -5.68331 -0.975244
3.73383 -4.12003 -1.25117
3.11776 -5.07219 0.371808
3.56211 -4.47069 -1.02621
5.16554 -4.26377 -0.463657
4.91939 -4.37745 0.542795
3.2922 -5.77352 0.78475
3.69956 -4.78977 -0.896869
4.5385 -4.31158 0.898742
4.08272 -5.85561 -0.548596
4.62572 -5.09382 1.02506
5.37834 -4.92389 0.860109
3.28259 -4.53202 0.177269
3.52966 -4.21413 -0.46858
3.03689 -4.62374 0.858468
3.57989 -4.98403 0.175628
3.08712 -4.46885 -0.729163
5.09746 -3.76871 -0.857126
3.49494 -5.39905 0.815178
4.48184 -3.89742 -0.138935
4.48229 -4.9359 -1.13004
3.74291 -4.70432 -0.382531
3.53374 -4.50973 0.759558
5.22349 -4.64807 0.0397258
3.11541 -3.8123 0.294011
4.64486 -3.69169 0.289354
3.70819 -4.49589 -0.0482293
4.38683 -5.21377 -1.11332
5.07779 -5.3891 -0.168519
5.10291 -3.70251 0.418693
4.49916 -4.44505 0.598994
3.61181 -4.9903 0.421709
3.87121 -4.32715 -0.199478
4.05662 -5.55058 0.227436
5.05586 -4.88744 -1.07193
4.40279 -5.37103 0.711345
3.72506 -5.12712 0.706688
3.7625 -3.94609 0.48008
3.59033 -4.58999 0.41377
5.42804 -4.8393 -1.18153
5.24354 -4.60772 0.848357
4.82475 -4.03089 0.671072
5.45407 -3.62668 -0.702282
5.35588 -3.22248 -0.669947
4.11094 -5.0871 0.953035
5.2828 -4.27599 1.05935
5.41889 -3.66216 -0.881209
3.90268 -5.31716 0.754104
4.92657 -4.1238 -0.964506
3.61998 -5.43355 -0.944502
5.16176 -4.91837 -1.03547
4.17577 -4.40318 0.229921
4.69411 -4.56619 1.1254
3.43684 -5.45669 -0.519229
5.02794 -4.6949 0.351586
4.1036 -4.66061 1.18541
3.45053 -4.95925 1.30406
3.6976 -5.43052 1.1391
4.31458 -5.10029 -0.542515
4.54932 -3.64799 -0.682809
3.94557 -4.76044 -0.687466
4.38993 -4.55353 -0.605809
5.33984 -3.59445 -0.968054
3.84829 -3.12859 -0.837074
3.39251 -5.3508 -0.60745
3.75055 -4.69998 0.990871
4.71279 -5.38087 -0.863376
5.46541 -4.32314 1.10486
4.78769 -2.96948 -0.613748
4.46754 -4.61215 1.19419
3.76515 -3.15984 -0.610732
5.07265 -4.83951 -0.0235202
3.61809 -3.43652 0.637675
3.77885 -4.24072 0.509712
4.74109 -3.17066 -0.21012
3.77975 -4.99829 -0.227108
3.89118 -3.66929 0.397096
3.55871 -4.30085 0.824009
4.36065 -3.21847 0.634393
3.15271 -4.70084 1.14762
3.05452 -4.12401 -0.151749
3.40023 -4.96519 -0.131745
5.48455 -3.80882 1.60221
5.38636 -3.95949 1.11666
3.4879 -4.43076 0.335177
5.42426 -4.77872 0.108569
3.66144 -4.60879 0.0299283
4.21677 -4.77179 -0.652912
5.19134 -3.70174 -0.706891
5.41375 -3.75376 0.0406181
4.03317 -4.32367 1.01008
5.16804 -3.85781 1.43699
3.26959 -4.20578 -0.392594
5.02098 -3.2097 1.21806
3.1102 -4.14953 0.707846
4.44235 -2.88218 -0.172284
4.29484 -3.82201 1.58633
3.29652 -4.39192 0.903495
5.19588 -3.51915 -0.469859
3.45772 -5.05085 -0.0922678
4.61725 -4.04245 0.679903
3.54494 -3.55193 0.514948
3.07684 -4.22048 1.71869
3.6445 -3.90259 0.554956
3.60796 -3.32576 0.463985
5.47033 -4.10529 -0.490129
3.07865 -4.56422 1.37947
3.53534 -4.77655 1.62142
4.31262 -3.76814 0.605654
3.91849 -4.36272 0.416038
5.09035 -3.94618 0.41138
3.35219 -4.54075 -0.468749
5.18991 -3.63099 1.63513
3.42709 -4.3612 1.72911
4.09339 -4.88179 1.44085
3.34168 -3.04723 1.69514
4.27926 -3.22257 -0.430382
3.50288 -3.6815 0.539078
5.31594 -4.59667 -0.365713
3.7874 -3.90886 1.56553
3.47959 -4.8117 0.673074
3.71432 -3.74164 1.24795
4.24499 -3.46074 1.39126
